A:	0.289420846303731142	0.260716135268545841	0.174541029961276439	0.20930137080415197	0.27578963082661204	0.0770561495633612732	0.220561585119294277	0.75778892248323711	0.00284947581440400246	0.131006734979304788	0.0117914204347577737	0.00509536387293662576	0.00380730196049494011	0.00125841108765562634	0.0139157034191049067	0.036321171433567371	0.299249524151971582	0.345539823641728346	0.239508465143714701	0.40283651811105001	0.195554161254111749	0.292865818226619194
C:	0.297159464853946178	0.232804065332083156	0.283563230655992284	0.172638163351600601	0.285135714297507554	0.598550459870039118	0.471657735607683131	0.0493981033623877084	0.774949767520534954	0.00233850107936050999	0.00218610428878697873	0.990759058326606246	0.991596559865553061	0.0114560928469143777	0.116883872889955382	0.214896676779233386	0.132875573387048483	0.286820562061348468	0.0612560728353229064	0.25396542327379194	0.0580054266077758252	0.0459335842889723379
G:	0.257020788460254724	0.258184637403662115	0.157635047076708477	0.266854979969720944	0.163285024049268366	0.20477217201982963	0.13507569957762578	0.168263701039417809	0.0102051414617696944	0.0371002493037286997	0.0026609091018047168	0.00166371010060265284	0.00283675681097412547	0.867077327278929953	0.825866526787274335	0.0793441539217972514	0.142781417578695721	0.152549921644747713	0.487866492963628943	0.223591579366985556	0.669193391806297356	0.500726311764421028
T:	0.156398900382067956	0.248295161995708888	0.3842606923060228	0.351205485874526485	0.27578963082661204	0.119621218546769978	0.172704979695396813	0.0245492731149573718	0.21199561520329135	0.829554514637606002	0.983361566174650531	0.00248186769985447537	0.00175938136297787357	0.120208168786500043	0.0433338969036653769	0.669437997865401992	0.425093484882284214	0.215089692652175473	0.21136896905733345	0.119606479248172494	0.0772470203318150698	0.16047428571998744
