A: 0.6694379978654019	0.0433338969036654	0.12020816878650001	0.00175938136297787	0.00248186769985447	0.983361566174651	0.829554514637606	0.21199561520329102	0.0245492731149574	0.17270497969539703
C: 0.0793441539217972	0.825866526787274	0.86707732727893	0.00283675681097412	0.00166371010060265	0.00266090910180472	0.0371002493037287	0.0102051414617697	0.16826370103941798	0.135075699577626
G: 0.214896676779233	0.11688387288995501	0.0114560928469144	0.991596559865553	0.990759058326606	0.00218610428878698	0.00233850107936051	0.774949767520535	0.0493981033623877	0.471657735607683
T: 0.0363211714335674	0.0139157034191049	0.00125841108765563	0.00380730196049494	0.00509536387293662	0.0117914204347578	0.13100673497930498	0.0028494758144040006	0.757788922483237	0.22056158511929397
