A:	0.107796753327428613	0.449699099538226613	0.259331967164452643	0.143467067519670829	0.347218964516063872	0.158817602354988118	0.31694299925339311	0.159068790284750717	0.439118383657861121	0.925092920204488262	0.977742113090728861	0.00495584331863911885	0.00306516948362815875	0.0913870779082087525	0.00603703404576608091	0.956446225905948996	0.376011234634050264	0.375674306609665235	0.209994406505727672	0.229124447618498153	0.286723385876349465	0.202048459458269851	0.159656355295053131
C:	0.472341101226523732	0.216864812110322453	0.312645410426021892	0.338663267625753238	0.206249648564254375	0.566215779919587527	0.202167875210628792	0.0674164269712134685	0.1246697038959689	0.011436818371030737	0.0153331858321415574	0.991068286888805481	0.992624315135153039	0.000974340213250873016	0.989011642644076791	0.00222561120543655462	0.0891292312276208564	0.206343410060661221	0.196679902404378347	0.344047037587260993	0.353592091591122079	0.0797547383523774667	0.246161652568417973
G:	0.0955118827373959151	0.202661443125112161	0.146433449474456609	0.367171264368675205	0.259610155405520958	0.19946052995024017	0.292536767183667822	0.687239348875176145	0.0158905956848822933	0.0356427426610917977	0.00492230303440948563	0.00260442240355353467	0.0027294258699960568	0.904514131153389614	0.000805771610965828195	0.0322537931934825541	0.316487634482203142	0.227467128816258772	0.176003987548048952	0.205911061939120311	0.126029980546969104	0.211047408179763438	0.339255435029720683
T:	0.32435026270865174	0.130774645226338773	0.281589172935068856	0.150698400485900729	0.186921231514160795	0.0755060877751841845	0.188352358352310276	0.0862754338688596695	0.420321316761287686	0.0278275187633892037	0.00200239804272009646	0.00137144738900186511	0.00158108951122274565	0.00312445072515076081	0.00414555169919129955	0.00907436969513189551	0.218371899656125737	0.190515154513414771	0.417321703541845028	0.220917452855120543	0.233654541985559351	0.507149394009589244	0.254926557106808213
